3094 8026
3109 2516
3118 7884
3124 1098
3134 6446
3137 4867
3139 6992
3148 8445
3172 6429
3184 1922
3201 2696
3206 8400
3219 5515
3225 2351
3247 3033
3251 8717
3266 176
3267 4077
3270 9188
3290 3679
3291 7228
3310 1807
3310 9474
3316 9994
3323 4458
3345 9960
3353 9599
3359 1697
3362 5339
3427 9765
3450 6430
3456 7387
3488 5676
3492 385
3519 229
3537 6737
3550 3942
3556 271
3577 4746
3586 8580
3588 3034
3604 3691
3611 1292
3668 455
3672 1324
3677 4549
3699 1846
3701 1675
3702 2435
3709 9185
3739 507
3747 6841
3788 4140
3861 1161
3863 5149
3880 793
3915 6938
3916 1131
3933 9828
3936 6642
3955 5032
3964 6088
3969 4905
3981 2411
3987 9086
4020 9389
4041 4745
4063 3819
4071 7298
4076 3116
4089 4364
4096 2924
4133 9250
4188 1959
4206 7438
4220 292
4226 7593
4237 3723
4255 4275
4265 524
4287 6680
4289 762
4298 2058
4302 8665
4336 6931
4366 7619
4373 6955
4384 5713
4402 1610
4410 1564
4412 6567
4413 5187
4441 3296
4443 9310
4443 7663
4444 6157
4462 4838
4465 1221
4469 867
4476 97
4491 5544
4500 7314
4501 7013
4511 9711
4529 7076
4541 5836
4552 3478
4571 2312
4578 5099
4579 4161
4584 9599
4619 7560
4627 824
4630 9384
4632 3443
4634 715
4644 8046
4645 446
4657 6014
4708 8812
4709 1582
4718 5653
4720 2348
4758 2715
4758 8549
4795 9070
4810 1083
4842 3953
4844 8288
4854 6286
4857 2179
4875 8535
4883 9269
4888 8383
4896 4259
4904 7557
4913 6874
4923 8231
4944 6132
4955 7731
4958 9054
4990 7098
4996 2784
