2 8995
11 2126
28 7734
51 1879
95 7277
110 7167
129 6770
152 3142
154 9506
159 2000
160 1386
180 8853
182 2257
227 4414
235 4111
246 7233
247 2770
270 2716
283 1699
285 2925
304 949
330 1269
333 1914
348 3495
364 6840
364 1385
387 5309
390 999
401 6954
403 9786
408 9193
415 3127
419 2356
422 4196
424 6494
430 7728
433 9454
456 5485
456 5104
478 529
492 6706
495 1425
501 8290
534 6159
554 2296
577 6753
584 2615
584 5675
586 1853
593 4033
601 9700
602 1694
619 467
626 3364
630 451
642 4856
646 5273
650 7010
660 8694
660 2605
680 4019
687 577
688 578
695 9497
703 5651
740 6001
740 1344
746 3642
754 9405
758 6028
761 3926
786 1413
791 9738
794 7435
796 5796
809 588
824 99
863 8571
877 8964
902 6325
918 87
921 2402
937 2381
939 4962
953 403
961 158
970 8888
985 7986
996 7083
1035 7586
1058 5752
1061 6798
1090 7435
1102 6287
1111 2102
1136 1389
1138 6923
1141 6431
1157 102
1157 1622
1186 2823
1215 3615
1216 5934
1218 5360
1220 643
1235 7595
1253 7426
1291 6704
1292 7859
1300 8736
1319 3304
1327 1724
1329 4173
1344 5910
1357 130
1373 8711
1406 4345
1408 312
1409 8977
1427 5147
1434 3667
1438 594
1441 9954
1448 3612
1457 8187
1461 3291
1468 7822
1478 4402
1524 750
1525 3037
1547 8489
1568 7586
1584 839
1592 8619
1597 343
1603 244
1605 3963
1611 1605
1626 6392
1640 4721
1655 8946
1664 8101
1665 8248
